200 10 0.35 1.5 1.2 10 307.6923077 267.9700855 0.870902778
400 20 0.525 1.304347826 1.2 23 842.1052632  643.494152 0.764149306
800 40 0.60375 1.043478261 1.2 57.5 2018.927445  1462.816334 0.724551215
1600 80 0.6943125 0.695652174 1.2 172.5 5234.103455  3645.214566 0.69643533
3200 160 0.701255625 0.688764529 1.2 290.375 10666.66667
6720 320 0.708268181 0.681945078 1.2 586.5575 22935.15358
14112 640 0.715350863 0.675193146 1.2 1184.84615 49354.73717
29635.2 1280 0.722504372 0.668508066 1.2 2393.389223 106299.632   
120 25 0.15 1.1 1.8 22.72727273 141.1764706   
240 50 0.1725 0.956521739 1.8 52.27272727 290.0302115   
480 100 0.198375 0.765217391 1.8 130.6818182 598.7837206   
960 200 0.22813125 0.510144928 1.8 392.0454545 1243.734767   
1920 480 0.230412563 0.505093988 1.8 950.3181818 2494.843219
3840 960 0.232716688 0.500093057 1.8 1919.642727 5004.670297
7680 1920 0.235043855 0.495141641 1.8 3877.678309 10039.79124
15360 3840 0.237394294 0.490239248 1.8 7832.910184 20141.47005   
100 35 0.05 5 1.9 7 105.2631579   
200 70 0.0575 4.347826087 2.185 16.1 212.2015915   
400 140 0.071875 3.47826087 3.2775 40.25 430.976431   
800 280 0.1078125 2.31884058 3.2775 120.75 896.6725044   
1600 560 0.1078125 2.295881762 3.6 243.915 1793.345009 
3200 1120 0.108890625 2.273150259 3.6 492.7083 3591.02944
6400 2240 0.109979531 2.250643821 3.6 995.270766 7190.845857
12800 4480 0.111079327 2.228360219 3.6 2010.446947 14399.48511
50 95 0.05 5 20 19 52.63157895
100 190 0.0575 4.54 20 41.85022026 106.1007958
200 380 0.071875 3.783333333 20 100.4405286 215.4882155
400 760 0.1078125 2.91025641 20 261.1453744 448.3362522
800 1520 0.108890625 2.88144199 20 527.5136564 897.75736
1600 3040 0.109979531 2.852912862 20 1065.577586 1797.711464
3200 6080 0.111079327 2.8246662 20 2152.466724 3599.871277
6400 12160 0.11219012 2.796699208 20 4347.982782 7208.750593
Fortify 1 1.25 1.5 1.25 1 5
100 40 0 1 0.7 40 100 3  
350 80 0.3 0.869565217 0.805 92 500 6  
700 160 0.45 0.869565217 0.9 184 1272.727273 18  
1400 320 0.63 0.869565217 0.9 368 3783.783784 72  
3920 896 0.668115 0.860955661 0.9 1040.704 11811.32019 360  
8271.2 1792 0.67479615 0.852431347 0.9 2102.22208 25433.89323 2160  
17452.232 3584 0.681544112 0.843991433 0.9 4246.488602 54802.66696 15120  
36824.20952 7168 0.688359553 0.835635082 0.9 8577.906975 118162.4845 120960 